              precision    recall  f1-score   support

           0       0.00      0.00      0.00        11
           1       0.00      0.00      0.00        20
           2       0.00      0.00      0.00       108
           3       0.00      0.00      0.00       185
           4       0.00      0.00      0.00       265
           5       0.00      0.00      0.00       462
           6       0.00      0.00      0.00       789
           7       0.20      0.02      0.03      1107
           8       0.19      0.02      0.04      1841
           9       0.32      0.98      0.49      2529
          10       0.00      0.00      0.00       657

    accuracy                           0.32      7974
   macro avg       0.06      0.09      0.05      7974
weighted avg       0.17      0.32      0.17      7974
